1
2
3
4
5
6
7
8
9
10
11
12
13
14
15
16
17
18
19
20
21
22
23
24
25
26
27
29
30
31
32
33
35
36
37
39
40
41
42
43
44
45
46
50
51
52
53
55
56
57
58
59
60
61
62
63
64
65
68
69
70
71
72
73
74
75
76
77
78
79
80
81
82
83
86
87
88
89
90
91
92
93
94
95
96
97
98
100
101
102
103
104
105
106
107
109
110
111
112
113
114
116
117
118
119
121
123
124
126
127
128
129
130
131
132
133
134
135
136
138
139
140
141
142
144
145
146
147
149
150
151
152
153
154
155
157
158
159
160
161
162
163
164
166
167
168
169
170
171
172
173
175
177
178
179
180
181
182
183
184
185
186
187
188
189
190
191
192
193
194
195
196
197
198
199
200
202
203
204
205
206
207
208
210
211
212
213
214
216
217
218
219
220
221
222
223
224
225
226
227
228
229
230
231
232
253
254
255
256
257
258
259
260
261
262
263
264
265
266
267
269
270
271
272
273
275
276
277
278
279
280
281
282
283
284
285
288
289
290
291
292
293
294
295
296
297
298
299
300
301
302
303
304
305
306
307
308
309
310
311
313
315
316
317
318
319
320
321
322
323
325
326
328
329
331
332
333
334
335
336
337
338
339
340
341
343
344
345
346
347
348
349
351
354
355
356
357
359
361
362
363
364
366
367
369
370
371
372
373
374
375
376
377
379
380
381
382
383
384
385
386
387
388
389
390
392
393
394
395
396
397
398
399
401
402
403
404
407
408
409
411
412
413
414
415
416
417
421
422
423
424
426
429
431
432
433
434
435
436
438
439
440
441
443
444
445
446
447
449
450
451
452
453
457
458
459
460
461
462
465
466
467
468
469
470
471
472
473
475
28
34
38
47
48
49
54
66
84
85
99
108
115
120
125
137
143
149
156
174
176
209
215
239
249
252
268
287
312
314
324
330
350
352
353
358
360
365
368
378
391
400
405
406
418
419
420
425
427
428
430
437
442
448
454
455
464
474
476
477
481
495
496
497
498
499
500
501
502
503
506
507
509
510
511
512
513
514
515
517
518
519
520
521
522
523
524
525
526
527
528
529
530
531
532
533
534
535
536
537
538
540
541
542
544
545
546
547
548
549
550
551
552
553
554
555
556
557
558
559
560
561
562
563
564
565
566
567
568
569
570
573
574
575
576
577
578
579
580
581
582
583
584
